0 0
2 3
4 2
3 3
3 5
6 7
5 5
9 9
7 7
8 9
10 12
11 12
11 13
12 14
13 13
17 16
16 15
17 17
20 17
20 20
21 21
21 20
23 24
22 25
25 26
24 25
28 27
27 27
30 27
28 30
30 29
32 32
31 32
32 35
34 34
34 36
38 36
39 37
38 38
39 39
41 41
42 43
44 41
43 43
45 46
44 45
46 46
46 48
50 47
48 50
51 49
50 52
51 51
53 54
56 56
55 56
57 58
56 57
58 58
61 60
59 61
63 63
61 64
65 65
65 63
67 67
66 65
68 66
67 69
69 69
69 70
72 71
74 72
74 72
74 73
76 75
75 78
78 76
80 78
79 78
81 80
83 81
82 83
84 85
86 83
86 87
85 87
86 86
88 87
91 88
90 91
90 93
93 92
92 95
96 93
95 94
96 97
97 96
99 99
100 98
101 99
100 102
101 103
103 103
105 103
106 107
105 105
109 109
108 107
110 110
110 109
111 110
114 111
113 114
116 116
114 114
116 115
116 118
119 117
118 118
121 121
120 120
122 121
123 122
123 124
127 124
127 127
128 128
128 130
129 130
130 130
131 133
132 134
135 133
134 135
134 134
138 137
137 139
140 139
140 141
139 139
142 142
142 143
143 142
143 145
146 144
145 146
147 149
147 149
149 150
152 151
153 153
153 154
153 152
156 156
157 155
158 155
159 159
160 158
158 160
161 162
162 160
163 161
164 162
163 165
165 167
168 166
168 168
168 168
171 168
171 169
170 171
172 174
174 172
174 173
174 174
178 178
178 178
178 177
179 181
181 181
180 181
182 182
183 184
183 186
184 187
185 186
186 187
187 188
188 188
189 190
190 192
194 191
195 192
194 195
196 195
195 198
198 196
197 198
198 198
201 199
203 200
201 202
204 202
205 206
205 207
206 205
208 208
208 207
211 210
212 212
210 212
213 214
215 215
214 213
217 217
215 216
217 217
217 218
220 219
219 222
222 221
222 222
223 223
225 225
226 225
227 226
227 227
228 228
230 229
231 230
232 230
232 232
232 234
233 235
237 236
236 236
238 237
237 238
239 238
241 241
242 243
244 242
245 243
243 245
246 245
246 245
249 248
248 249
250 249
249 249
253 250
252 253
253 252
255 254
256 254
256 255
257 257
257 260
259 259
261 262
262 260
262 264
263 264
263 265
265 264
265 268
267 267
268 268
271 269
272 271
270 273
274 274
274 274
276 274
277 276
276 278
276 278
278 278
279 278
280 282
283 280
283 282
283 283
283 283
286 285
286 285
289 288
287 288
290 290
289 291
291 293
291 294
292 293
293 295
295 295
297 297
297 296
299 298
299 299
299 301
302 301
303 301
305 304
303 304
307 306
308 307
309 306
309 307
310 310
309 312
313 311
312 311
312 313
313 316
314 317
316 316
316 317
317 319
320 319
320 321
321 320
321 323
323 324
325 324
327 326
328 328
328 327
330 327
330 331
331 330
333 332
332 332
333 334
333 336
334 334
338 338
338 338
338 338
341 339
341 339
343 342
343 343
342 345
344 346
345 345
345 346
346 348
348 348
348 349
350 350
350 351
353 354
353 354
356 356
357 355
358 356
357 358
357 357
361 358
361 359
361 363
362 361
363 362
363 363
365 367
365 366
366 366
368 368
370 371
371 372
372 370
372 373
372 372
376 373
376 377
378 378
376 377
378 378
379 378
379 380
383 382
384 382
384 382
386 385
384 385
385 385
387 388
387 390
391 389
391 389
392 390
393 393
395 392
393 395
394 396
395 398
398 398
398 397
399 398
400 400
402 403
403 404
402 402
406 406
406 407
408 406
406 407
410 408
411 408
409 409
410 411
414 412
413 412
413 413
417 415
417 417
418 419
419 417
419 418
419 422
421 422
422 424
423 425
424 424
426 424
426 425
426 426
428 430
430 428
430 429
432 431
434 432
435 434
435 433
437 437
438 435
438 438
438 439
438 440
439 441
441 441
444 441
445 442
444 443
445 446
446 447
447 447
447 447
449 448
450 451
450 450
452 452
454 454
455 455
454 455
455 455
459 458
460 458
458 460
462 459
462 461
464 461
463 463
466 466
464 464
468 466
466 469
467 468
469 471
472 471
472 472
471 472
473 475
473 473
475 476
477 475
477 477
477 477
481 481
482 481
481 483
484 481
482 484
483 484
484 484
486 487
487 489
489 487
491 491
491 490
493 492
493 493
493 495
494 493
495 495
495 498
496 499
499 500
499 498
502 501
501 502
501 504
502 505
506 505
507 505
507 507
507 509
507 508
510 508
511 512
513 512
512 513
512 512
515 514
515 516
517 515
519 519
517 519
520 521
520 522
520 522
521 522
525 523
523 526
524 527
526 526
529 529
530 529
531 528
531 529
531 530
534 534
534 533
533 536
535 534
538 538
537 539
539 538
541 538
542 540
540 540
543 543
542 543
545 546
546 544
545 547
548 549
549 549
550 551
550 551
550 553
553 552
554 555
554 555
554 557
558 555
558 556
557 558
558 558
559 562
562 560
561 563
562 565
566 563
564 564
565 565
568 568
570 569
570 570
572 569
570 571
574 573
575 574
573 574
575 574
575 578
579 576
580 578
578 578
580 582
581 580
582 581
585 584
584 583
586 584
587 587
586 586
588 587
590 590
591 589
593 590
591 593
594 594
593 595
595 596
595 595
596 597
597 600
600 601
600 599
603 602
601 602
603 605
605 606
606 606
608 605
608 608
609 607
609 610
611 610
611 610
612 613
615 612
616 613
614 616
615 618
616 619
619 619
619 618
620 620
620 622
621 624
622 622
626 625
625 625
628 628
628 629
630 627
630 629
630 631
631 633
632 632
634 632
633 633
637 634
637 635
639 636
639 637
641 639
639 642
642 642
643 643
642 642
644 643
646 644
646 645
646 649
647 648
648 651
652 650
651 652
653 653
654 655
655 653
654 656
658 655
658 656
659 658
659 659
659 659
661 663
663 663
663 665
663 663
667 665
665 665
669 666
667 669
669 670
671 670
673 671
674 671
675 674
673 673
675 675
678 677
677 676
680 679
681 678
682 681
681 682
681 681
682 683
683 683
686 686
687 685
687 686
688 688
690 691
691 691
693 691
692 694
692 693
695 694
696 694
698 695
699 696
699 699
701 700
699 699
700 702
701 704
702 702
704 704
707 707
705 707
707 708
709 708
711 709
709 712
712 712
713 711
713 713
713 713
715 715
715 718
718 719
720 719
719 718
721 720
720 723
721 723
725 725
726 723
726 724
726 726
728 727
729 730
729 731
730 732
733 733
731 731
732 735
734 735
737 736
737 735
737 738
738 740
741 741
741 739
740 740
742 741
745 742
744 744
744 747
745 745
746 746
748 748
748 748
751 752
753 752
753 751
753 753
754 754
756 756
757 756
759 759
760 757
758 760
760 761
760 760
762 764
764 764
765 763
767 764
765 765
767 766
767 767
768 769
771 771
772 773
771 771
775 772
775 776
777 774
778 777
776 777
780 778
780 780
779 780
782 781
783 784
785 785
786 783
784 786
786 787
789 789
790 787
790 788
790 790
793 793
791 794
792 792
793 795
796 796
798 798
799 796
798 799
799 799
800 802
803 803
801 801
803 804
804 803
805 807
808 808
809 806
808 810
811 810
809 812
813 811
811 813
812 814
814 814
814 817
818 818
816 817
817 819
818 818
821 819
823 822
824 823
825 824
823 826
824 826
827 828
827 829
827 827
831 829
831 830
830 830
831 832
835 834
836 835
834 835
838 838
836 836
840 839
840 838
839 840
841 842
842 844
844 843
846 844
845 844
846 848
846 849
847 847
849 851
849 851
851 853
854 854
853 852
853 856
855 857
856 855
858 859
857 859
858 858
862 862
862 861
862 863
863 863
866 864
867 864
866 865
866 866
869 868
870 868
872 870
872 873
871 872
873 874
874 874
877 874
877 878
879 876
879 877
878 878
880 882
882 881
883 881
883 882
883 884
885 885
887 885
888 889
887 890
891 889
892 889
893 893
894 892
895 893
896 896
896 897
898 895
896 899
900 898
901 900
902 902
902 902
902 903
904 904
904 906
905 904
907 905
907 909
910 909
908 909
911 912
912 910
912 914
914 912
914 914
916 915
915 915
919 918
919 920
919 921
920 922
923 920
924 921
924 924
926 923
924 924
925 925
927 928
927 928
931 928
932 930
930 933
934 931
932 934
933 934
937 935
935 937
938 938
938 939
938 939
940 940
943 943
943 944
943 943
943 944
946 947
945 947
947 949
948 949
948 948
950 950
951 950
951 954
954 952
955 954
954 954
958 957
956 956
958 959
960 960
959 961
962 962
962 964
965 963
964 965
965 964
967 967
969 969
968 970
971 968
972 971
971 970
971 971
975 974
976 974
975 977
978 976
979 979
977 977
980 978
981 981
982 981
981 981
985 983
984 985
985 987
985 985
987 986
987 988
989 991
990 990
991 993
994 994
995 995
995 995
994 996
997 995
998 999
1000 998
1000 1001
1001 999
